165
124
260
236
297
123
171
147
217
171
210
135
116
109
147
153
127
133
115
182
107
249
159
269
265
159
187
228
116
236
140
140
246
101
282
147
168
159
169
134
143
99
163
115
121
118
147
225
277
177
259
211
192
195
189
262
154
99
107
125
121
141
179
126
139
181
227
121
142
209
128
213
176
100
169
121
120
138
186
187
238
133
161
170
194
233
188
260
198
183
126
234
115
99
202
117
174
95
106
183
160
171
158
225
188
181
244
127
132
183
159
131
221
114
182
182
96
128
228
91
171
258
148
209
244
136
132
126
201
205
141
259
106
103
209
200
223
195
242
130
126
178
94
110
146
149
161
310
370
214
128
119
99
186
181
109
155
143
99
145
151
259
170
178
155
114
121
157
461
250
154
524
322
271
126
227
164
182
220
271
311
100
245
248
211
106
140
118
248
144
200
109
158
199
107
142
278
179
214
156
165
211
177
191
175
106
161
137
134
152
142
129
166
146
174
157
162
152
143
126
142
104
140
141
120
176
112
155
156
97
108
194
140
90
85
157
143
193
132
178
176
169
177
263
172
89
212
152
135
218
114
219
117
117
288
161
151
186
201
131
142
158
125
135
108
143
158
160
138
109
127
113
166
151
177
126
139
125
165
173
140
135
149
456
558
489
52
197
81
116
87
104
130
132
92
73
52
52
65
68
363
116
326
343
367
100
84
83
96
97
86
108
111
140
203
208
188
176
126
194
303
296
259
211
244
265
355
398
436
195
150
148
161
167
186
165
191
208
221
170
245
111
185
186
204
176
175
176
152
226
207
119
263
147
95
97
67
168
292
200
169
153
161
141
131
91
160
93
92
86
95
100
121
117
99
102
176
219
206
66
71
92
74
69
124
116
112
106
92
87
85
92
242
111
122
128
123
209
190
204
260
205
236
134
165
165
156
219
110
113
118
106
85
191
215
181
198
207
128
179
160
205
221
197
271
230
159
199
168
202
114
259
330
204
146
172
216
142
211
206
112
114
96
145
223
137
207
105
120
143
117
101
185
121
107
104
100
110
104
140
97
105
186
125
142
127
111
149
86
168
123
109
177
223
199
222
102
180
218
165
159
196
172
208
224
192
142
118
109
175
110
199
228
165
205
173
181
95
171
161
145
236
262
242
264
129
179
214
251
152
119
146
190
243
198
160
194
183
93
117
117
112
112
180
195
180
125
118
113
181
294
153
143
159
175
249
126
91
113
112
83
101
61
134
198
106
102
75
121
231
161
132
96
115
112
181
107
119
106
121
103
112
117
79
111
203
108
141
126
126
117
101
80
175
207
80
70
106
123
111
69
128
117
76
70
171
97
137
126
138
66
110
146
96
202
154
90
76
126
99
125
111
113
101
192
111
322
231
208
111
126
146
182
112
154
92
119
126
85
101
101
92
133
106
126
126
116
96
97
111
116
126
90
58
108
112
87
91
101
84
81
111
93
103
160
162
151
160
168
151
110
156
156
123
122
123
125
145
405
335
284
471
270
414
249
448
210
195
167
47
84
149
89
65
79
62
68
152
105
118
71
102
105
132
117
146
146
119
145
95
102
205
219
140
95
106
102
87
250
118
132
142
139
112
161
188
138
148
296
301
389
271
432
392
247
489
430
261
295
296
270
412
244
265
304
179
145
232
221
212
217
208
311
240
354
258
472
186
168
242
234
110
110
160
141
119
126
175
161
147
479
215
311
185
173
185
279
280
308
261
332
379
391
177
190
166
166
221
154
324
324
170
444
324
337
255
132
264
249
129
210
285
263
213
116
166
341
175
193
219
193
257
201
127
156
90
106
158
215
107
94
104
105
92
102
79
72
76
85
87
120
88
80
70
76
97
213
114
99
118
116
118
94
91
116
72
116
70
99
87
105
47
63
61
81
65
138
78
88
70
78
80
113
105
100
95
110
108
105
68
75
73
63
63
68
100
104
174
118
118
104
104
74
68
58
77
126
127
98
60
126
123
140
131
75
75
108
104
138
97
109
70
73
75
86
73
79
82
87
106
126
97
84
78
134
102
87
80
73
68
66
70
136
136
79
174
67
75
109
155
155
133
94
111
110
94
102
161
88
152
152
104
104
91
94
70
71
69
113
84
78
108
116
108
104
146
119
141
116
129
120
126
133
101
73
114
111
123
132
141
180
206
108
141
148
100
53
56
112
80
144
124
138
126
120
80
123
86
109
104
106
72
134
111
100
87
71
101
91
77
142
101
150
101
171
84
96
101
111
104
85
101
122
128
124
116
103
117
105
143
75
77
87
277
184
137
228
232
300
330
315
300
81
131
89
88
91
120
152
195
112
174
185
164
528
518
131
96
471
346
153
115
214
84
236
102
180
188
146
78
143
120
118
151
101
137
120
175
105
120
120
88
74
70
100
182
130
180
84
120
102
132
101
88
101
99
138
120
120
120
104
97
133
120
117
120
125
179
146
108
180
111
131
61
65
71
61
66
80
57
56
109
71
58
58
76
74
81
71
66
51
55
62
48
52
80
56
52
53
84
52
61
53
63
42
35
53
46
37
51
51
66
59
59
87
85
72
82
81
61
91
60
70
69
98
115
84
95
86
91
50
56
70
58
68
47
67
106
72
88
82
87
88
82
125
98
77
82
124
102
79
102
80
76
75
64
59
74
76
71
66
74
83
61
61
75
76
67
74
51
74
67
74
51
58
53
66
53
67
78
72
72
84
95
116
148
72
68
111
96
91
85
111
137
93
85
105
78
155
168
82
117
81
89
151
180
104
105
88
111
81
98
221
95
73
72
78
93
100
156
105
84
83
85
70
70
208
204
148
176
75
74
67
65
298
165
195
64
68
66
65
252
128
96
84
73
71
72
272
132
87
79
64
61
57
60
187
86
72
85
70
69
68
63
211
109
112
108
243
134
98
95
93
251
114
65
63
194
103
84
73
68
140
93
200
146
141
102
103
96
99
105
305
212
178
105
67
64
72
170
65
45
107
99
100
218
124
71
68
65
312
172
117
72
93
101
274
127
112
110
78
92
86
82
249
121
103
87
81
91
210
90
88
81
188
110
93
291
88
78
74
71
71
274
132
131
126
176
164
127
69
69
64
166
111
80
74
107
108
97
216
222
123
130
151
151
151
181
240
240
240
240
180
240
240
380
380
356
380
240
180
240
216
213
300
201
201
201
163
180
180
101
157
201
235
201
300
360
400
300
192
240
201
123
201
201
240
240
180
180
201
196
240
240
240
240
240
240
151
151
131
210
155
152
240
203
201
201
151
151
109
240
239
163
126
169
141
157
240
240
240
240
240
240
199
167
180
240
152
240
180
204
204
240
151
181
195
181
209
240
151
151
151
151
332
340
336
324
354
358
360
240
240
122
240
207
240
180
219
141
345
410
207
536
599
450
450
180
213
167
209
240
248
180
151
151
175
201
274
383
395
189
352
298
336
313
392
356
399
336
392
213
383
275
270
287
174
299
268
279
234
297
191
365
481
592
374
303
359
251
346
370
299
261
316
258
273
281
319
353
319
196
323
330
220
369
209
287
242
222
217
334
337
355
344
327
256
241
250
290
318
367
281
331
304
428
235
142
223
372
238
287
298
245
241
300
295
273
259
230
234
295
293
202
330
271
236
270
246
298
334
238
225
258
294
405
276
274
402
296
340
146
247
181
217
178
242
260
288
312
212
92
379
249
382
293
290
229
217
258
306
452
242
362
266
231
187
166
294
176
134
309
319
290
346
201
256
303
318
235
279
192
272
241
295
297
307
251
243
220
168
144
129
138
191
211
238
237
242
134
190
119
344
206
171
172
118
138
151
188
87
95
194
203
97
172
223
190
166
68
73
78
78
80
86
85
368
333
491
407
442
428
430
624
569
552
567
210
328
327
294
187
177
177
551
443
414
518
391
440
440
608
584
515
631
322
270
161
189
232
170
219
242
199
200
212
97
112
76
73
110
119
123
121
120
258
253
351
217
224
295
291
230
284
242
206
209
131
88
158
225
151
104
193
198
110
159
131
147
145
235
124
165
180
392
144
156
186
380
283
458
102
84
101
97
70
126
118
70
60
75
125
68
76
116
121
76
76
53
187
53
145
93
56
102
126
93
76
31
82
97
85
142
150
115
150
136
134
50
55
125
75
76
85
101
50
87
84
93
177
82
160
84
163
71
51
76
136
51
151
102
87
97
146
76
95
84
207
232
129
151
153
138
57
66
76
235
70
52
161
68
167
167
279
102
91
126
95
104
53
116
51
231
61
114
126
69
95
57
64
136
66
51
165
57
55
51
129
66
111
131
41
151
176
41
54
57
82
267
252
250
174
102
57
117
121
132
52
48
101
75
130
59
88
63
72
136
55
260
179
122
152
95
177
123
103
83
54
76
106
49
104
200
201
115
123
229
260
233
168
160
152
148
158
81
95
86
77
237
143
120
193
112
62
115
75
110
114
114
111
142
122
137
126
74
75
81
77
180
174
170
144
203
214
211
223
135
112
144
108
100
174
94
164
136
167
51
64
54
87
90
62
138
62
52
76
73
66
230
221
236
237
78
103
110
116
108
106
101
125
160
126
131
156
186
149
132
82
148
119
117
160
140
139
140
146
142
110
123
140
138
51
116
129
151
122
119
151
113
139
133
71
73
131
66
140
145
101
151
126
142
122
131
121
120
101
131
136
157
154
122
136
119
130
136
127
123
121
131
131
140
136
126
106
132
131
62
150
174
87
144
80
106
102
91
118
128
119
141
107
141
128
118
130
128
133
85
83
102
87
92
90
97
113
94
136
116
170
134
141
113
128
128
150
160
144
104
171
104
118
113
90
201
143
123
105
132
135
133
127
147
151
126
130
119
180
149
132
137
126
114
145
127
135
136
137
119
133
134
128
135
129
138
111
102
116
51
86
76
86
126
192
151
171
226
129
159
148
169
169
164
153
131
281
229
223
169
179
285
176
152
185
273
170
140
227
245
271
212
206
258
205
226
296
219
232
238
246
246
200
132
128
131
127
65
135
161
252
275
287
285
311
279
253
306
364
266
404
430
492
472
145
174
147
146
217
162
159
101
101
119
109
167
174
179
217
303
162
137
160
119
232
242
161
113
117
107
164
256
105
168
164
125
235
222
132
183
169
154
200
229
167
200
122
173
100
101
175
157
145
196
112
188
199
198
206
136
215
173
189
104
131
131
118
105
147
237
173
216
176
248
249
157
304
142
207
141
181
171
163
232
194
198
139
173
145
203
234
161
192
261
163
109
113
168
322
225
220
339
167
263
125
120
126
120
100
251
102
132
125
100
72
172
200
179
137
121
139
133
148
154
112
133
210
204
225
253
300
136
165
191
137
184
223
245
251
224
126
483
505
452
467
454
438
453
237
244
229
244
227
403
417
446
463
480
314
382
126
134
126
102
238
276
299
276
247
164
248
304
316
251
205
390
378
244
300
231
234
381
113
113
231
229
237
244
192
194
252
284
347
290
335
101
130
78
146
201
427
447
438
476
462
484
472
251
251
226
220
101
117
119
127
125
291
250
251
284
306
126
165
165
85
167
198
175
215
255
301
244
224
198
113
128
95
106
140
169
234
237
163
151
134
96
96
96
96
227
302
97
261
176
179
184
187
192
183
192
217
150
225
289
333
116
100
100
114
260
305
127
198
215
213
230
199
126
106
87
93
151
192
192
266
393
363
418
374
174
332
176
178
67
67
67
86
93
93
93
97
126
126
125
121
251
236
222
214
194
142
153
106
138
116
158
97
137
209
202
231
227
142
142
142
156
101
101
101
100
138
242
272
332
359
358
335
378
117
117
117
133
212
173
151
151
103
109
122
101
716
732
732
715
748
716
793
241
239
226
205
231
193
128
101
81
170
195
210
161
229
287
249
309
337
227
171
229
158
175
249
225
178
188
171
199
175
179
101
107
101
96
212
202
210
240
208
231
247
240
238
256
266
265
276
285
235
163
127
161
187
218
193
211
230
235
206
196
200
179
173
148
168
144
105
139
158
189
124
291
308
306
329
298
330
248
574
764
633
615
593
170
175
171
177
181
276
280
285
280
183
198
182
186
199
184
207
203
206
255
261
285
267
198
198
198
221
246
208
243
218
229
220
222
225
250
263
